# 1
11111

# 1
1
1
1
1
1

# 2
1111
1   

# 2
11
 1
 1
 1

# 2
   1
1111

# 2
1 
1 
1 
11

# 2
1111
   1

# 2
 1
 1
 1
11

# 2
1   
1111

# 2
11
1 
1 
1 

# 3
1111
 1  

# 3
 1
11
 1
 1

# 3
  1 
1111

# 3
1 
1 
11
1 

# 3
1111
  1 

# 3
 1
 1
11
 1

# 3
 1  
1111

# 3
1 
11
1 
1 

# 4
111
1  
1  

# 4
111
  1
  1

# 4
  1
  1
111

# 4
1  
1  
111

# 5
111 
  11

# 5
 1
 1
11
1 

# 5
11  
 111

# 5
 1
11
1 
1 

# 5
 111
11  

# 5
1 
11
 1
 1

# 5
  11
111 

# 5
1 
1 
11
 1

# 6
111
 1 
 1 

# 6
  1
111
  1

# 6
 1 
 1 
111

# 6
1  
111
1  

# 7
11 
 11
 1 

# 7
  1
111
 1 

# 7
 1 
11 
 11

# 7
 1 
111
1  

# 7
 11
11 
 1 

# 7
 1 
111
  1

# 7
 1 
 11
11 

# 7
1  
111
 1 

# 8
11 
 1 
 11

# 8
  1
111
1  

# 8
 11
 1 
11 

# 8
1  
111
  1

# 9
111
1 1

# 9
11
 1
11

# 9
1 1
111

# 9
11
1 
11

# 10
 1 
111
 1 

# 11
11 
 11
  1

# 11
  1
 11
11 

# 11
1  
11 
 11

# 11
 11
11 
1  

# 12
111
11 

# 12
11
11
 1

# 12
 11
111

# 12
1 
11
11

# 12
111
 11

# 12
 1
11
11

# 12
11 
111

# 12
11
11
1 

# end
